%YAML:1.0
# General sensor definitions.
camera_id: right_cam

# Sensor extrinsics wrt. the body-frame.
T_BS:
  cols: 4
  rows: 4
  data: [0.00113902, -0.75731633,  0.65304723,  0.02546771,
         0.99998275, -0.00290039, -0.00510760,  0.0009338,
         0.00576216,  0.65304178,  0.75729996,  0.00876284,
         0.0, 0.0, 0.0, 1.0]

# Camera specific definitions.
rate_hz: 29.97
resolution: [1200, 800]
camera_model: pinhole
intrinsics: [576.246, 574.404, 619.398, 396.725] #fu, fv, cu, cv
distortion_model: radial-tangential
distortion_coefficients: [-0.3247272858176051, 0.09935591920986149, 0.00046215968702370514, 0.001283410372345202]

