sensors:
  - id: c63aecb41bfdfd6b7e1fac37c7cbe7bf
    topic: /imu0
    description: "VI-Sensor IMU"
    sensor_type: IMU
    sigmas:
      acc_noise_density: 0.01
      acc_bias_random_walk_noise_density: 0.001
      gyro_noise_density: 0.001
      gyro_bias_random_walk_noise_density: 0.001
    saturation_accel_max_mps2: 150.0
    saturation_gyro_max_radps: 7.5
    gravity_magnitude_mps2: 9.8061

  - id: 412eab8e4058621f7036b5e765dfe812
    sensor_type: NCAMERA
    description: "VISensor Camera"
    topic: ""
    cameras:
      - camera:
          topic: /cam0
          description: "VI-Sensor cam0 (MT9M034)"
          id: 54812562fa109c40fe90b29a59dd7798
          sensor_type: CAMERA
          line-delay-nanoseconds: 0
          image_height: 800
          image_width: 1200
          type: pinhole
          intrinsics:
            cols: 1
            rows: 4
            data: [576.2468107909041, 574.4047554715168, 619.3982162142439, 396.7258120292723]
          distortion:
            type: radial-tangential
            parameters:
              cols: 1
              rows: 4
              data: [-0.3247, 0.0993, 0.000462159, 0.00128341]
        T_B_C:
          cols: 4
          rows: 4
          data:[0.00113902, -0.75731633,  0.65304723,  0.02546771,
                0.99998275, -0.00290039, -0.00510760,  0.0009338,
                0.00576216,  0.65304178,  0.75729996,  0.00876284,
                0.0, 0.0, 0.0, 1.0]

  - id: aabb23479caf7592b35518478a2fe08f
    sensor_type: ODOMETRY_6DOF
    description: "ROVIOLI in Odometry mode"
    topic: /maplab_odom_T_M_I

extrinsics:
  - sensor_id: c63aecb41bfdfd6b7e1fac37c7cbe7bf
    base_sensor_id: c63aecb41bfdfd6b7e1fac37c7cbe7bf
    T_B_S:
      rows: 4
      cols: 4
      data:
        - [1,0,0,0]
        - [0,1,0,0]
        - [0,0,1,0]
        - [0,0,0,1]

  - sensor_id: 412eab8e4058621f7036b5e765dfe812
    base_sensor_id: c63aecb41bfdfd6b7e1fac37c7cbe7bf
    T_B_S:
      rows: 4
      cols: 4
      data:
        - [1,0,0,0]
        - [0,1,0,0]
        - [0,0,1,0]
        - [0,0,0,1]

  - sensor_id: aabb23479caf7592b35518478a2fe08f
    base_sensor_id: c63aecb41bfdfd6b7e1fac37c7cbe7bf
    T_B_S:
      rows: 4
      cols: 4
      data:
        - [1,0,0,0]
        - [0,1,0,0]
        - [0,0,1,0]
        - [0,0,0,1]
