label: "audrone"
id: 412eab8e4058621f7036b5e765dfe812
cameras:
- camera:
    label: cam0
    id: 54812562fa109c40fe90b29a59dd7798
    line-delay-nanoseconds: 0
    image_height: 1200  
    image_width: 800
    type: pinhole
    intrinsics:
      cols: 1
      rows: 4
      data: [576.2468107909041, 574.4047554715168, 619.3982162142439, 396.7258120292723]
    distortion:
      type: radial-tangential  
      parameters:
        cols: 1
        rows: 4
        data: [ -0.3247272858176051, 0.09935591920986149, 0.00046215968702370514, 0.001283410372345202]
  T_B_C:
    cols: 4
    rows: 4
    data: [ 0.00113902,  0.99998275,  0.00576216, -0.00101329,
           -0.75731633, -0.00290039,  0.65304178,  0.01356732,
            0.65304723, -0.00510760,  0.75729996, -0.02326294,
            0.0, 0.0, 0.0, 1.0]

imu_params:
  delay_imu_cam: 0.0
  max_imu_delta_t: 0.01
  acc_max: 176.0
  omega_max: 17
  sigma_omega_c: 12.0e-4
  sigma_acc_c: 8.0e-3
  sigma_omega_bias_c: 0.03
  sigma_acc_bias_c: 0.1
  sigma_integration: 0.0
  g: 9.8082
  imu_rate: 1024

imu_initialization:
  velocity: [0.0, 0, 0.0]
  omega_bias: [0.0, 0, 0.0]
  acc_bias: [0.0, 0.0, 0.0]
  velocity_sigma: 2.0
  omega_bias_sigma: 0.01
  acc_bias_sigma: 0.1

